0 0.07 0.08 0.1 0.13 0.16 0.18 0.21 0.25 0.3 0.35 0.4 0.45 0.5 0.55 0.6 0.7 0.85 0.95 1
800 38.51 48.8491 50.377 57.906 63.9917 68.0031 73.9503 87.0144 90.1446 91.30110808 93.84601423 96.39092037 98.93582652 100.1274706 101.3191146 102.5107587 104.5852674 106.7732994 110.1962413
857.8393152 35.65852176 47.0502973 53.55816234 61.08716234 67.75125549 72.34104864 78.28824864 90.77395549 93.90415549 95.60400595 98.32352983 101.0430537 103.7625776 105.0212724 106.2799672 107.5386619 109.577648 111.6841104 114.9452912
915.6786305 32.80704352 45.25149459 56.73932467 64.26832467 71.51081098 76.67899728 82.62619728 94.53351098 97.66371098 99.90690382 102.8010454 105.6951871 108.5893287 109.9150742 111.2408197 112.5665652 114.5700286 116.5949213 119.694341
973.5179457 29.95556528 43.45269189 59.92048701 67.44948701 75.27036647 81.01694593 86.96414593 98.29306647 101.4232665 104.2098017 107.278561 110.3473204 113.4160798 114.808876 116.2016722 117.5944685 119.5624092 121.5057322 124.4433909
1031.357261 27.10408704 41.65388919 63.10164935 70.63064935 79.02992196 85.35489457 91.30209457 102.052622 105.182822 108.5126996 111.7560767 114.9994538 118.2428309 119.7026778 121.1625248 122.6223717 124.5547898 126.4165432 129.1924408
1089.196576 24.2526088 39.85508648 61.57106283 73.81181169 82.78947745 89.69284321 95.64004321 105.8121774 108.9423774 112.8155974 116.2335923 119.6515871 123.0695819 124.5964796 126.1233773 127.650275 129.5471704 131.3273541 133.9414907
1147.035891 21.40113056 38.05628378 59.9778343 76.99297402 86.54903294 94.03079185 99.97799185 109.5717329 112.7019329 117.1184953 120.7111079 124.3037204 127.896333 129.4902814 131.0842299 132.6781783 134.539551 136.238165 138.6905405
1204.875207 18.54965232 36.25748108 58.32432993 80.17413636 90.30858843 98.36874049 104.3159405 113.3312884 116.4614884 121.4213932 125.1886235 128.9558538 132.7230841 134.3840833 136.0450824 137.7060816 139.5319315 141.148976 143.4395904
1262.714522 15.69817408 34.45867837 56.61054972 83.3552987 94.06814392 102.7066891 108.6538891 117.0908439 120.2210439 125.724291 129.6661391 133.6079871 137.5498352 139.2778851 141.0059349 142.7339848 144.5243121 146.0597869 148.1886403
1320.553837 12.84669583 32.65987567 54.83649369 82.13142092 97.82769941 107.0446378 112.9918378 120.8503994 123.9805994 130.0271889 134.1436547 138.2601205 142.3765863 144.1716869 145.9667875 147.7618881 149.5166927 150.9705978 152.9376902
1378.393152 9.995217594 30.86107296 53.00216182 80.76633537 101.5872549 111.3825864 117.3297864 124.6099549 127.7401549 134.3300868 138.6211703 142.9122538 147.2033374 149.0654887 150.92764 152.7897914 154.5090733 155.8814088 157.68674
1436.232467 7.143739353 29.06227026 51.10755411 79.25919803 105.3468104 115.7205351 121.6677351 128.3695104 131.4997104 138.6329846 143.0986859 147.5643872 152.0300885 153.9592905 155.8884926 157.8176946 159.5014539 160.7922197 162.4357899
1494.071783 4.292261113 27.26346756 49.15267058 77.61000888 105.0670092 120.0584837 126.0056837 132.1290659 135.2592659 142.9358825 147.5762015 152.2165205 156.8568395 158.8530923 160.8493451 162.8455979 164.4938345 165.7030307 167.1848398
1551.911098 1.440782872 25.46466485 47.13751121 75.81876795 104.544269 124.3964323 130.3436323 135.8886214 139.0188214 147.2387804 152.0537171 156.8686539 161.6835906 163.7468941 165.8101977 167.8735012 169.4862151 170.6138416 171.9338897
1609.750413 -1.410695368 23.66586215 45.062076 73.88547521 103.776526 123.6144306 134.681581 139.6481769 142.7783769 151.5416782 156.5312327 161.5207872 166.5103417 168.6406959 170.7710502 172.9014044 174.4785957 175.5246525 176.6829395
1667.589728 -4.262173609 21.86705945 42.92636496 71.81013068 102.7637804 122.5778175 139.0195296 143.4077323 146.5379323 155.8445761 161.0087483 166.1729206 171.3370928 173.5344978 175.7319027 177.9293077 179.4709763 180.4354635 181.4319894
1725.429044 -7.11365185 20.06825674 40.73037809 69.59273435 101.506032 121.2857641 143.3574783 147.1672878 150.2974878 160.147474 165.4862639 170.8250539 176.1638439 178.4282996 180.6927553 182.957211 184.4633569 185.3462744 186.1810393
1783.268359 -9.96513009 18.26945404 38.47411538 67.23328623 100.0032809 119.7382704 141.9502924 150.9268433 154.0570433 164.4503718 169.9637796 175.4771873 180.990595 183.3221014 185.6536078 187.9851143 189.4557375 190.2570853 190.9300892
1841.107674 -12.81660833 16.47065134 36.15757684 64.7317863 98.25552709 117.9353363 140.3128138 154.6863988 157.8165988 168.7532697 174.4412952 180.1293206 185.817346 188.2159032 190.6144604 193.0130175 194.4481181 195.1678963 195.6791391
1898.946989 -15.66808657 14.67184863 33.78076247 62.08823459 96.26277055 115.8769619 138.4428977 158.4459543 161.5761543 173.0561676 178.9188108 184.7814539 190.6440971 193.109705 195.5753129 198.0409208 199.4404987 200.0787072 200.4281889
1956.786305 -18.51956481 12.87304593 31.34367226 59.30263107 94.02501131 113.5631472 136.3405442 156.3405442 165.3357098 173.3590655 183.3963264 189.4335873 195.4708482 198.0035068 200.5361654 203.0688241 204.4328793 204.9895181 205.1772388
2059.699564 -23.59318848 9.672443574 26.85832981 53.99498147 89.43758285 108.8145856 132.0251114 152.0251114 172.0250716 174.9110228 182.4306383 189.9502539 197.4698695 200.6113084 203.7527474 206.8941864 208.5225445 209.1919111 209.4185323
2165.816348 -28.82474596 6.372211573 22.03353625 48.05117574 83.89510938 103.0713599 126.8047574 146.8047574 166.8047574 178.6767948 186.358305 194.0398153 201.7213255 204.9303985 208.1394715 211.3485446 213.0119606 213.6957385 213.9272388
2271.399212 -34.02998114 3.088584512 17.03165498 41.66272371 77.56204234 96.50368181 120.8341659 140.8341659 160.8341659 182.3672515 190.2074184 198.0475854 205.8877524 209.1631068 212.4384612 215.7138156 217.4115885 218.1094893 218.3457711
2377.382516 -39.25495805 -0.207496254 11.80880359 34.7739907 70.38388966 89.05504918 114.061973 134.061973 154.061973 176.2629907 185.53282 194.8026494 204.0724787 207.9339096 211.7953404 215.6567713 217.6037049 218.4083776 218.681592
2483.365821 -44.47993495 -3.50357702 6.383570207 27.40830494 62.38311647 80.74875078 106.5093486 126.5093486 146.5093486 166.6577059 177.8485402 189.0393744 200.2302086 205.1482342 210.0662599 214.9842855 217.5365255 218.6129772 218.983209
2589.215645 -49.69833129 -6.795506551 0.763169803 19.57584378 53.57135274 71.59686753 98.18727879 118.1872788 138.1872788 166.87542 178.0808734 189.2863268 200.4917802 205.4162305 210.3406808 215.2651312 217.8207053 218.8985632 219.2692786
2695.065469 -54.91672762 -10.08743608 -5.059103129 11.2676305 43.93903929 61.5894775 89.08674216 109.0867422 129.0867422 167.1428295 178.3662391 189.5896487 200.8130583 205.7453998 210.6777414 215.6100829 218.1697522 219.2493373 219.6206468
2801.048773 -60.14170452 -13.38351685 -11.09097269 2.472287878 33.4724767 50.71234213 79.19478951 99.19478951 119.1947895 157.584172 170.7479537 183.9117354 197.075517 203.0743084 209.0730998 215.0718912 218.2423418 219.5961193 220.0652985
2907.032078 -65.36668143 -16.67959761 -17.32522423 -6.800007492 22.1832936 38.97754099 68.52240549 88.52240549 108.5224055 148.8749537 163.6471543 178.4193549 193.1915555 200.3011558 207.4107561 214.5203564 218.408788 220.0948731 220.693408
3013.148862 -70.59823891 -19.97982962 -23.77009196 -16.56183499 10.05571717 26.36867376 57.05467382 77.05467382 97.05467382 149.2210525 164.027595 178.8341375 193.64068 200.7668084 207.8929368 215.0190652 218.9165365 220.6065414 221.2064677
3119.132167 -75.82321581 -23.27591038 -30.40936236 -26.78863656 -2.879742966 12.91746088 44.82044414 64.82044414 84.82044414 149.5356879 164.3734502 179.2112126 194.0489749 201.1901289 208.3312829 215.4724368 219.3781261 221.0716943 221.6728856
3224.848511 -81.03503157 -26.56368868 -37.23352712 -37.4648301 -16.60213505 -1.354297803 31.83954603 51.83954603 71.83954603 140.6116374 157.0594555 173.5072736 189.9550916 198.210968 206.4668443 214.7227206 219.3495567 221.3769999 222.108209
3330.831815 -86.26000847 -29.85976944 -44.27705172 -48.64433577 -31.1807641 -16.51868187 18.04641941 38.04641941 58.04641941 135.298097 152.7460429 170.1939889 187.6419348 196.6474568 205.6529789 214.6585009 219.7334034 221.9438733 222.72699
3436.9486 -91.49156596 -33.16000144 -51.53221174 -60.31577561 -46.60192936 -32.5614514 3.454014738 23.45401474 43.45401474 135.5549837 153.0360576 170.5171315 187.9982054 197.0208259 206.0434465 215.066067 220.1506052 222.365272 223.1498756
3542.798424 -96.70996229 -36.45193098 -58.97124687 -72.43420538 -62.80588369 -49.42044735 -11.88112795 8.118872049 28.11887205 135.8968698 153.422033 170.9471963 188.4723596 197.5177362 206.5631129 215.6084896 220.7058516 222.9261041 223.7126866
3648.648248 -101.9283586 -39.74386051 -66.61215454 -85.02838727 -79.83038774 -67.13495007 -27.99473743 -7.994737433 12.00526257 130.5173332 149.0508656 167.5843981 186.1179306 195.9195269 205.7211233 215.5227197 221.0721076 223.4769905 224.3159204
3754.765032 -107.1599161 -43.04409251 -74.47496997 -98.13188599 -97.72148529 -85.75287593 -44.93040082 -24.93040082 -4.930400823 121.3316568 141.4168481 161.5020393 181.5872306 192.6906115 203.7939924 214.8973734 221.2988983 224.1128259 225.130597
3860.614857 -112.3783124 -46.33602204 -82.52013183 -111.678772 -116.3891582 -105.1805498 -62.60290724 -42.60290724 -22.60290724 121.7053614 141.8524155 161.9994697 182.1465239 193.2841035 204.4216831 215.5592627 221.9805045 224.8030991 225.824005
3966.598161 -117.6032893 -49.63210281 -90.77769345 -125.7193935 -135.9024742 -125.4898484 -81.0776392 -61.0776392 -41.0776392 122.2282126 142.4618194 162.6954261 182.9290329 194.11446 205.2998871 216.4853142 222.9341419 225.7688625 226.7941542
4072.581465 -122.8282662 -52.92818357 -99.23763706 -140.2369677 -156.2384107 -146.6568127 -100.3328025 -80.33280255 -60.33280255 113.2451996 135.118611 156.9920224 178.8654337 191.409264 203.9530944 216.4969247 223.8323379 227.0918583 228.3022388
4150 -126.645 -55.3359 -105.545358 -151.1431975 -171.613305 -162.660905 -114.89155 -94.89155 -74.89155 104.7812177 127.9184923 151.0557669 174.1930415 188.2266344 202.2602272 216.29382 224.7555272 228.5668833 230
4178.431289 -128.0466626 -56.2201131 -107.8889256 -155.2123099 -177.3698023 -168.6531646 -120.3426727 -100.3426727 -80.34267268 104.550316 127.636604 150.722892 173.8091801 187.8118477 201.8145153 215.8171829 224.2602434 228.0632006 229.4931592
4284.414594 -133.2716395 -59.51619387 -116.7533783 -170.683189 -199.3499438 -191.5343803 -141.1577159 -121.1577159 -101.1577159 104.0049346 126.9707942 149.9366538 172.9025134 186.8321368 200.7617602 214.6913836 223.0904014 226.8735206 228.2960199
4390.397898 -138.4966164 -62.81227463 -125.820213 -186.6310208 -222.1527057 -215.2732618 -162.7531904 -142.7531904 -122.7531904 94.40763174 118.3751102 142.3425887 166.3100672 181.5676247 196.8251822 212.0827397 221.5096025 225.8000432 227.4284826
4496.381203 -143.7215933 -66.1083554 -135.0894297 -203.0558053 -245.7780882 -239.869809 -185.1290964 -165.1290964 -145.1290964 86.97418476 111.4072142 135.8402437 160.2732731 176.6681581 193.0630432 209.4579282 219.8211808 224.5811474 226.4023632
4602.364507 -148.9465702 -69.40443617 -144.5610283 -219.9575426 -270.2260911 -265.3240221 -208.2854337 -188.2854337 -168.2854337 86.63852468 110.9772596 135.3159945 159.6547294 175.9863415 192.3179536 208.6495658 218.9728233 223.7144198 225.528607
4708.214331 -154.1649665 -72.6963657 -154.2226978 -237.3140452 -295.4643702 -291.6022231 -232.1915645 -212.1915645 -192.1915645 86.36975772 110.6329898 134.896222 159.1594541 175.4404029 191.7213517 208.0023005 218.2935336 223.0204208 224.8289801
4814.064155 -159.3833629 -75.98829523 -164.0862398 -255.1462998 -321.523199 -318.7359308 -256.8761621 -236.8761621 -216.8761621 79.16165181 103.9166228 128.6715939 153.4265649 170.8504244 188.2742839 205.6981434 216.9261347 222.122144 224.1231343
4920.04746 -164.6083398 -79.28437599 -174.1644747 -273.477694 -348.4369914 -346.7609808 -282.3718277 -262.3718277 -242.3718277 73.72485902 98.79038476 123.8559105 148.9214362 167.2133099 185.5051835 203.7970571 215.7488642 221.3372993 223.5043532
5025.897284 -169.8267361 -82.57630553 -184.4320163 -292.2620528 -376.1379544 -375.606781 -308.6143405 -288.6143405 -268.6143405 73.58434085 98.60209218 123.6198435 148.6375948 166.8946045 185.1516141 203.4086238 215.337651 220.9154346 223.0783582
5237.997373 -180.2832705 -89.17261829 -205.6134711 -331.333593 -434.1140915 -435.9821255 -363.5414128 -343.5414128 -323.5414128 73.37407643 98.3203405 123.2666046 148.2128686 166.4177096 184.6225505 202.8273915 214.7223319 220.2841773 222.4409204
5343.713717 -185.4950862 -92.46039659 -216.4735545 -351.5212186 -464.2412511 -467.3575276 -392.0857394 -372.0857394 -352.0857394 68.06915857 93.35110367 118.6330488 143.9149939 163.00033 182.0856662 201.1710023 213.7964835 219.7534062 222.0771144
5449.563541 -190.7134826 -95.75232612 -227.5490954 -372.2097858 -495.2264824 -499.6275125 -421.4440828 -401.4440828 -381.4440828 63.80217596 89.4992489 115.1963219 140.8933948 160.6512219 180.409049 200.166876 213.2724872 219.4396424 221.8625622
5555.813806 -195.9516206 -99.05670936 -238.8695557 -393.4550751 -527.1541459 -532.8799456 -451.6963816 -431.6963816 -411.6963816 63.75567748 89.43402261 115.1123678 140.7907129 160.5341406 180.2775684 200.0209961 213.117056 219.2797166 221.7008706
5661.79711 -201.1765975 -102.3527901 -250.3642096 -415.1245379 -559.8252457 -566.9075759 -482.654084 -462.654084 -442.654084 63.70560219 89.36377892 115.0219556 140.6801324 160.4080531 180.1359739 199.8638947 212.9496686 219.1074889 221.5267413
5767.780414 -206.4015744 -105.6488709 -262.0612454 -437.2709533 -593.318966 -601.7928719 -514.3922177 -494.3922177 -474.3922177 63.66446892 89.30607874 114.9476886 140.5892984 160.3044813 180.0196642 199.7348471 212.8121718 218.9660161 221.3837065
5873.763719 -211.6265513 -108.9449517 -273.9606632 -459.8943215 -627.6353068 -637.5358337 -546.9107828 -526.9107828 -506.9107828 59.38961995 85.43356945 111.477519 137.5214685 157.8977169 178.2739653 198.6502137 212.1999363 218.5604453 221.0758706
5979.747023 -216.8515282 -112.2410324 -286.062463 -482.9946425 -662.7742681 -674.1364613 -580.2097793 -560.2097793 -540.2097793 55.29292589 81.91450944 108.536093 135.1576765 156.0522941 176.9469117 197.8415292 211.759779 218.2968964 220.8395522
6085.596847 -222.0699246 -115.532962 -298.3510211 -506.541922 -698.6900409 -711.5470386 -614.2457951 -594.2457951 -574.2457951 55.2329789 81.8257001 108.4184213 135.0111425 155.8831067 176.7550709 197.6270351 211.5301952 218.0602253 220.6001244
6191.580152 -227.2949015 -118.8290427 -310.8573299 -530.5955477 -735.4732072 -749.8619175 -649.1046715 -629.1046715 -609.1046715 55.1753675 81.74035086 108.3053342 134.8703176 155.720511 176.5707045 197.420898 211.3095562 217.832775 220.3700249
6297.563456 -232.5198784 -122.1251235 -323.5660208 -555.1261262 -773.0789939 -789.0344623 -684.7439792 -664.7439792 -644.7439792 55.14500474 81.6953695 108.2457343 134.796099 155.6348187 176.4735384 197.3122581 211.1932735 217.7129026 220.2487562
6403.41328 -237.7382747 -125.417053 -336.4607056 -580.1018619 -811.4584853 -829.0137175 -721.1173587 -701.1173587 -681.1173587 51.08144538 78.21381244 105.3461795 132.4785466 153.8387686 175.1989907 196.5592128 210.8107369 217.5078893 220.0715174
