0

1
162.1
30.429800088280242
114.09346980037395
1.5
4.8
40.0
8
1
100000

2
75.1
30.425682445183526
114.09707262518077
1.5
1.5
60.0
2
2
15000

3
75.1
30.42619850685845
114.09961132345573
1.0
1.0
60.0
0.0
4
200000

4
75.1
30.426294537316952
114.09997843974467
1.0
1.0
60.0
0
4
200000

5
75.1
30.42638575148492
114.10034243029371
1.0
1.0
60.0
0
4
200000

6
75.1
30.42631589872773
114.10035863464196
1.0
1.0
60.0
0
4
200000

7
75.1
30.426409881926602
114.10071270062507
1.0
1.0
60.0
0
4
200000

8
75.1
30.42650018558184
114.10107133246797
1.0
1.0
60.0
0
4
200000

9
75.1
30.42643472443074
114.10108566874035
1.0
1.0
60.0
0
4
200000

10
218
30.425637037814145
114.10883493740317
1.5
1.5
20.0
0.5
2
20000

11
298.1
30.426351947491344
114.10802904571653
1.5
4.8
70.0
0.0
1
9999999

12
298.1
30.426377487868734
114.10797356118499
1.5
4.8
70.0
0.0
1
9999999

13
298.1
30.42640410740988
114.1079176594765
1.5
4.8
70.0
0.0
1
9999999

14
80.2
30.426568633276332
114.1015130224995
1.5
4.8
70.0
5.0
1
200000

15
80.2
30.426646215403373
114.10223913146825
1.5
4.8
60.0
1.9
1
200000

16
80.2
30.426615478407484
114.10225637965677
1.5
4.8
60.0
1.9
1
200000



#example
1		#id
18.0		#yaw障碍物方向
31.2903164	#lat障碍物纬度
121.2033323	#lon障碍物经度
1.8		#width障碍物宽度
4.8		#height障碍物长度
70.0		#th_dis距离本车多少米时障碍物出现
0.0		#障碍物速度
1		#type障碍物类型（1=车辆）
10000		#障碍物持续时间，单位：ms		
